tail_correction: false
cutoff: 12.0
mixing_rule: lorentz_berthelot
parameters:
  Ar: [3.405, 0.01032360]
  O1: [3.265, 0.00622003]
  O2: [3.265, 0.00622003]
  O3: [3.265, 0.00622003]
  O4: [3.265, 0.00622003]
  O5: [3.265, 0.00622003]
  O6: [3.265, 0.00622003]
  O7: [3.265, 0.00622003]
  O8: [3.265, 0.00622003]
  O9: [3.265, 0.00622003]
  O10: [3.265, 0.00622003]
  O11: [3.265, 0.00622003]
  O12: [3.265, 0.00622003]
  O13: [3.265, 0.00622003]
  O14: [3.265, 0.00622003]
  O15: [3.265, 0.00622003]
  O16: [3.265, 0.00622003]
  O17: [3.265, 0.00622003]
  O18: [3.265, 0.00622003]
  O19: [3.265, 0.00622003]
  O20: [3.265, 0.00622003]
  O21: [3.265, 0.00622003]
  O22: [3.265, 0.00622003]
  O23: [3.265, 0.00622003]
  O24: [3.265, 0.00622003]
  O25: [3.265, 0.00622003]
  O26: [3.265, 0.00622003]
  T1: [2.300, 0.00189581]
  T2: [2.300, 0.00189581]
  T3: [2.300, 0.00189581]
  T4: [2.300, 0.00189581]
  T5: [2.300, 0.00189581]
  T6: [2.300, 0.00189581]
  T7: [2.300, 0.00189581]
  T8: [2.300, 0.00189581]
  T9: [2.300, 0.00189581]
  T10: [2.300, 0.00189581]
  T11: [2.300, 0.00189581]
  T12: [2.300, 0.00189581]
